  39 168 210  36 205 222 233  91 240 176 118 129  98 201 168 179
 138   5 223 212 125 248  55 112 206 239  49  94  82 193 238  59
  32   0  74   4  70 185  99  53 249 131 244 166  39  13 249 173
  63  75 217 212   2   3  11 221 204 255 186 213 151  86  91 212
 224  33  17  24   7 229 203  62 188  62  83 231 107  22 232  66
  32 116   9 151 223 222 119  50 254  59   0 212 220 231  64 175
 192 214 128  22 138  80 254 196 196 230 167 214  84 173 182 185
 136 201 237 193 196 146 230 224  66  75 162  33 226 145 173 235
   7 166 213  79 119 134  25 184 142 202  81  94 120 254  97  56
  14 121 182  33  31 198
